7 #SUP: 3863
8 #SUP: 4170
8 9 #SUP: 3841
6 8 9 #SUP: 3788
8 10 #SUP: 3920
4 8 10 #SUP: 3818
6 8 10 #SUP: 3864
8 11 #SUP: 3997
4 8 11 #SUP: 3889
6 8 11 #SUP: 3931
4 6 8 11 #SUP: 3825
4 8 #SUP: 4061
6 8 #SUP: 4096
4 6 8 #SUP: 3989
9 #SUP: 4205
3 9 #SUP: 3803
9 10 #SUP: 3970
9 10 11 #SUP: 3782
6 9 10 #SUP: 3865
4 9 10 #SUP: 3870
9 11 #SUP: 3995
6 9 11 #SUP: 3889
4 6 9 11 #SUP: 3788
4 9 11 #SUP: 3892
6 9 #SUP: 4081
4 6 9 #SUP: 3975
4 9 #SUP: 4097
3 #SUP: 4245
3 10 #SUP: 3916
3 6 10 #SUP: 3774
3 4 10 #SUP: 3806
3 11 #SUP: 4001
3 6 11 #SUP: 3848
3 4 11 #SUP: 3885
3 6 #SUP: 4066
3 4 6 #SUP: 3949
3 4 #SUP: 4124
10 #SUP: 4339
10 11 #SUP: 4110
6 10 11 #SUP: 3976
4 6 10 11 #SUP: 3871
4 10 11 #SUP: 4002
6 10 #SUP: 4181
4 6 10 #SUP: 4074
4 10 #SUP: 4229
11 #SUP: 4446
6 11 #SUP: 4274
4 6 11 #SUP: 4162
4 11 #SUP: 4330
6 #SUP: 4510
4 6 #SUP: 4393
4 #SUP: 4590
